# Created by Octave 4.0.0, Mon Mar 21 17:26:27 2016 SAST <optisdr@gpuserv>
# name: y1
# type: matrix
# rows: 1
# columns: 9
 0 0.2730012720637376 0.4393326938302626 0.5593080109070125 0.6532125137753437 0.730378468587643 0.7958800173440752 0.8527848686805478 0.9030899869919435


